(kicad_pcb (version 20171130) (host pcbnew "(5.1.2-1)-1")

  (general
    (thickness 1.6)
    (drawings 12)
    (tracks 222)
    (zones 0)
    (modules 21)
    (nets 68)
  )

  (page A4)
  (layers
    (0 F.Cu signal)
    (31 B.Cu signal)
    (32 B.Adhes user)
    (33 F.Adhes user)
    (34 B.Paste user)
    (35 F.Paste user)
    (36 B.SilkS user)
    (37 F.SilkS user)
    (38 B.Mask user)
    (39 F.Mask user)
    (40 Dwgs.User user)
    (41 Cmts.User user)
    (42 Eco1.User user)
    (43 Eco2.User user)
    (44 Edge.Cuts user)
    (45 Margin user)
    (46 B.CrtYd user)
    (47 F.CrtYd user)
    (48 B.Fab user)
    (49 F.Fab user)
  )

  (setup
    (last_trace_width 0.25)
    (trace_clearance 0.2)
    (zone_clearance 0.508)
    (zone_45_only no)
    (trace_min 0.2)
    (via_size 0.8)
    (via_drill 0.4)
    (via_min_size 0.4)
    (via_min_drill 0.3)
    (uvia_size 0.3)
    (uvia_drill 0.1)
    (uvias_allowed no)
    (uvia_min_size 0.2)
    (uvia_min_drill 0.1)
    (edge_width 0.05)
    (segment_width 0.2)
    (pcb_text_width 0.3)
    (pcb_text_size 1.5 1.5)
    (mod_edge_width 0.12)
    (mod_text_size 1 1)
    (mod_text_width 0.15)
    (pad_size 1.524 1.524)
    (pad_drill 0.762)
    (pad_to_mask_clearance 0.051)
    (solder_mask_min_width 0.25)
    (aux_axis_origin 0 0)
    (visible_elements FFFFFF7F)
    (pcbplotparams
      (layerselection 0x010fc_ffffffff)
      (usegerberextensions false)
      (usegerberattributes false)
      (usegerberadvancedattributes false)
      (creategerberjobfile false)
      (excludeedgelayer true)
      (linewidth 0.100000)
      (plotframeref false)
      (viasonmask false)
      (mode 1)
      (useauxorigin false)
      (hpglpennumber 1)
      (hpglpenspeed 20)
      (hpglpendiameter 15.000000)
      (psnegative false)
      (psa4output false)
      (plotreference true)
      (plotvalue true)
      (plotinvisibletext false)
      (padsonsilk false)
      (subtractmaskfromsilk false)
      (outputformat 1)
      (mirror false)
      (drillshape 1)
      (scaleselection 1)
      (outputdirectory ""))
  )

  (net 0 "")
  (net 1 VDD)
  (net 2 GND)
  (net 3 +3V3)
  (net 4 "Net-(J1-Pad6)")
  (net 5 VBUS)
  (net 6 "Net-(J2-Pad6)")
  (net 7 "Net-(J3-Pad6)")
  (net 8 "Net-(J4-Pad6)")
  (net 9 /MICROPHONE)
  (net 10 "Net-(PANEL1-Pad2)")
  (net 11 "Net-(PANEL2-Pad2)")
  (net 12 /DATA1)
  (net 13 /DATA2)
  (net 14 /THUMBDIAL)
  (net 15 /BUTTON)
  (net 16 "Net-(J1-Pad3)")
  (net 17 "Net-(J1-Pad4)")
  (net 18 "Net-(J1-Pad2)")
  (net 19 "Net-(J2-Pad2)")
  (net 20 "Net-(J2-Pad4)")
  (net 21 "Net-(J2-Pad3)")
  (net 22 "Net-(J3-Pad2)")
  (net 23 "Net-(J3-Pad4)")
  (net 24 "Net-(J3-Pad3)")
  (net 25 "Net-(J4-Pad3)")
  (net 26 "Net-(J4-Pad4)")
  (net 27 "Net-(J4-Pad2)")
  (net 28 "Net-(U1-Pad18)")
  (net 29 "Net-(U1-Pad19)")
  (net 30 "Net-(U1-Pad20)")
  (net 31 "Net-(U1-Pad15)")
  (net 32 "Net-(U1-Pad14)")
  (net 33 "Net-(U1-Pad21)")
  (net 34 "Net-(U1-Pad22)")
  (net 35 "Net-(U1-Pad23)")
  (net 36 "Net-(U1-Pad24)")
  (net 37 /MOTION_SDA)
  (net 38 /MOTION_SCL)
  (net 39 "Net-(U1-Pad27)")
  (net 40 "Net-(U1-Pad28)")
  (net 41 "Net-(U1-Pad31)")
  (net 42 "Net-(U1-Pad34)")
  (net 43 "Net-(U1-Pad13)")
  (net 44 "Net-(U1-Pad12)")
  (net 45 "Net-(U1-Pad11)")
  (net 46 "Net-(U1-Pad10)")
  (net 47 "Net-(U1-Pad9)")
  (net 48 "Net-(U1-Pad8)")
  (net 49 "Net-(U1-Pad7)")
  (net 50 "Net-(U1-Pad6)")
  (net 51 "Net-(U1-Pad5)")
  (net 52 "Net-(U1-Pad35)")
  (net 53 "Net-(U1-Pad36)")
  (net 54 "Net-(U1-Pad37)")
  (net 55 "Net-(U1-Pad38)")
  (net 56 "Net-(U1-Pad39)")
  (net 57 "Net-(U1-Pad40)")
  (net 58 "Net-(U1-Pad41)")
  (net 59 "Net-(U1-Pad42)")
  (net 60 "Net-(U1-Pad43)")
  (net 61 "Net-(U1-Pad44)")
  (net 62 "Net-(U2-Pad10)")
  (net 63 "Net-(U2-Pad9)")
  (net 64 "Net-(U2-Pad8)")
  (net 65 "Net-(U2-Pad7)")
  (net 66 "Net-(U2-Pad6)")
  (net 67 "Net-(U2-Pad2)")

  (net_class Default "This is the default net class."
    (clearance 0.2)
    (trace_width 0.25)
    (via_dia 0.8)
    (via_drill 0.4)
    (uvia_dia 0.3)
    (uvia_drill 0.1)
    (add_net +3V3)
    (add_net /BUTTON)
    (add_net /DATA1)
    (add_net /DATA2)
    (add_net /MICROPHONE)
    (add_net /MOTION_SCL)
    (add_net /MOTION_SDA)
    (add_net /THUMBDIAL)
    (add_net GND)
    (add_net "Net-(J1-Pad2)")
    (add_net "Net-(J1-Pad3)")
    (add_net "Net-(J1-Pad4)")
    (add_net "Net-(J1-Pad6)")
    (add_net "Net-(J2-Pad2)")
    (add_net "Net-(J2-Pad3)")
    (add_net "Net-(J2-Pad4)")
    (add_net "Net-(J2-Pad6)")
    (add_net "Net-(J3-Pad2)")
    (add_net "Net-(J3-Pad3)")
    (add_net "Net-(J3-Pad4)")
    (add_net "Net-(J3-Pad6)")
    (add_net "Net-(J4-Pad2)")
    (add_net "Net-(J4-Pad3)")
    (add_net "Net-(J4-Pad4)")
    (add_net "Net-(J4-Pad6)")
    (add_net "Net-(PANEL1-Pad2)")
    (add_net "Net-(PANEL2-Pad2)")
    (add_net "Net-(U1-Pad10)")
    (add_net "Net-(U1-Pad11)")
    (add_net "Net-(U1-Pad12)")
    (add_net "Net-(U1-Pad13)")
    (add_net "Net-(U1-Pad14)")
    (add_net "Net-(U1-Pad15)")
    (add_net "Net-(U1-Pad18)")
    (add_net "Net-(U1-Pad19)")
    (add_net "Net-(U1-Pad20)")
    (add_net "Net-(U1-Pad21)")
    (add_net "Net-(U1-Pad22)")
    (add_net "Net-(U1-Pad23)")
    (add_net "Net-(U1-Pad24)")
    (add_net "Net-(U1-Pad27)")
    (add_net "Net-(U1-Pad28)")
    (add_net "Net-(U1-Pad31)")
    (add_net "Net-(U1-Pad34)")
    (add_net "Net-(U1-Pad35)")
    (add_net "Net-(U1-Pad36)")
    (add_net "Net-(U1-Pad37)")
    (add_net "Net-(U1-Pad38)")
    (add_net "Net-(U1-Pad39)")
    (add_net "Net-(U1-Pad40)")
    (add_net "Net-(U1-Pad41)")
    (add_net "Net-(U1-Pad42)")
    (add_net "Net-(U1-Pad43)")
    (add_net "Net-(U1-Pad44)")
    (add_net "Net-(U1-Pad5)")
    (add_net "Net-(U1-Pad6)")
    (add_net "Net-(U1-Pad7)")
    (add_net "Net-(U1-Pad8)")
    (add_net "Net-(U1-Pad9)")
    (add_net "Net-(U2-Pad10)")
    (add_net "Net-(U2-Pad2)")
    (add_net "Net-(U2-Pad6)")
    (add_net "Net-(U2-Pad7)")
    (add_net "Net-(U2-Pad8)")
    (add_net "Net-(U2-Pad9)")
    (add_net VBUS)
    (add_net VDD)
  )

  (module Resistor_SMD:R_0805_2012Metric (layer F.Cu) (tedit 5B36C52B) (tstamp 5E325A60)
    (at 128.651 104.267 90)
    (descr "Resistor SMD 0805 (2012 Metric), square (rectangular) end terminal, IPC_7351 nominal, (Body size source: https://docs.google.com/spreadsheets/d/1BsfQQcO9C6DZCsRaXUlFlo91Tg2WpOkGARC1WS5S8t0/edit?usp=sharing), generated with kicad-footprint-generator")
    (tags resistor)
    (path /5E290E89)
    (attr smd)
    (fp_text reference R2 (at 0 -1.65 90) (layer F.SilkS)
      (effects (font (size 1 1) (thickness 0.15)))
    )
    (fp_text value 10K (at 0 1.65 90) (layer F.Fab)
      (effects (font (size 1 1) (thickness 0.15)))
    )
    (fp_text user %R (at 0 0 90) (layer F.Fab)
      (effects (font (size 0.5 0.5) (thickness 0.08)))
    )
    (fp_line (start 1.68 0.95) (end -1.68 0.95) (layer F.CrtYd) (width 0.05))
    (fp_line (start 1.68 -0.95) (end 1.68 0.95) (layer F.CrtYd) (width 0.05))
    (fp_line (start -1.68 -0.95) (end 1.68 -0.95) (layer F.CrtYd) (width 0.05))
    (fp_line (start -1.68 0.95) (end -1.68 -0.95) (layer F.CrtYd) (width 0.05))
    (fp_line (start -0.258578 0.71) (end 0.258578 0.71) (layer F.SilkS) (width 0.12))
    (fp_line (start -0.258578 -0.71) (end 0.258578 -0.71) (layer F.SilkS) (width 0.12))
    (fp_line (start 1 0.6) (end -1 0.6) (layer F.Fab) (width 0.1))
    (fp_line (start 1 -0.6) (end 1 0.6) (layer F.Fab) (width 0.1))
    (fp_line (start -1 -0.6) (end 1 -0.6) (layer F.Fab) (width 0.1))
    (fp_line (start -1 0.6) (end -1 -0.6) (layer F.Fab) (width 0.1))
    (pad 2 smd roundrect (at 0.9375 0 90) (size 0.975 1.4) (layers F.Cu F.Paste F.Mask) (roundrect_rratio 0.25)
      (net 10 "Net-(PANEL1-Pad2)"))
    (pad 1 smd roundrect (at -0.9375 0 90) (size 0.975 1.4) (layers F.Cu F.Paste F.Mask) (roundrect_rratio 0.25)
      (net 1 VDD))
    (model ${KISYS3DMOD}/Resistor_SMD.3dshapes/R_0805_2012Metric.wrl
      (at (xyz 0 0 0))
      (scale (xyz 1 1 1))
      (rotate (xyz 0 0 0))
    )
  )

  (module teensy:Teensy40 (layer F.Cu) (tedit 5E188217) (tstamp 5E325B2B)
    (at 159.64408 90.79992 270)
    (path /5E36AD29)
    (fp_text reference U1 (at 0 -10.16 90) (layer F.SilkS)
      (effects (font (size 1 1) (thickness 0.15)))
    )
    (fp_text value Teensy4.0 (at 0 10.16 90) (layer F.Fab)
      (effects (font (size 1 1) (thickness 0.15)))
    )
    (fp_line (start -17.78 3.81) (end -19.05 3.81) (layer F.SilkS) (width 0.15))
    (fp_line (start -19.05 3.81) (end -19.05 -3.81) (layer F.SilkS) (width 0.15))
    (fp_line (start -19.05 -3.81) (end -17.78 -3.81) (layer F.SilkS) (width 0.15))
    (fp_line (start -12.7 3.81) (end -12.7 -3.81) (layer F.SilkS) (width 0.15))
    (fp_line (start -12.7 -3.81) (end -17.78 -3.81) (layer F.SilkS) (width 0.15))
    (fp_line (start -12.7 3.81) (end -17.78 3.81) (layer F.SilkS) (width 0.15))
    (fp_line (start 14.732 -1.27) (end 14.732 1.27) (layer F.SilkS) (width 0.15))
    (fp_line (start 14.732 1.27) (end 10.16 1.27) (layer F.SilkS) (width 0.15))
    (fp_line (start 10.16 1.27) (end 10.16 -1.27) (layer F.SilkS) (width 0.15))
    (fp_line (start 10.16 -1.27) (end 14.732 -1.27) (layer F.SilkS) (width 0.15))
    (fp_line (start 4.445 5.08) (end 4.445 -5.08) (layer F.SilkS) (width 0.15))
    (fp_line (start -5.715 -5.08) (end -5.715 5.08) (layer F.SilkS) (width 0.15))
    (fp_line (start 4.445 -5.08) (end -5.715 -5.08) (layer F.SilkS) (width 0.15))
    (fp_line (start 4.445 5.08) (end -5.715 5.08) (layer F.SilkS) (width 0.15))
    (fp_line (start -17.78 -8.89) (end 17.78 -8.89) (layer F.SilkS) (width 0.15))
    (fp_line (start 17.78 -8.89) (end 17.78 8.89) (layer F.SilkS) (width 0.15))
    (fp_line (start 17.78 8.89) (end -17.78 8.89) (layer F.SilkS) (width 0.15))
    (fp_line (start -17.78 8.89) (end -17.78 -8.89) (layer F.SilkS) (width 0.15))
    (fp_line (start 5.08 -5.08) (end 7.62 -5.08) (layer F.SilkS) (width 0.15))
    (fp_line (start 7.62 -5.08) (end 7.62 -1.905) (layer F.SilkS) (width 0.15))
    (fp_line (start 7.62 -1.905) (end 5.08 -1.905) (layer F.SilkS) (width 0.15))
    (fp_line (start 5.08 -1.905) (end 5.08 -5.08) (layer F.SilkS) (width 0.15))
    (fp_text user MIMXRT1062 (at 0.254 0) (layer F.SilkS)
      (effects (font (size 0.7 0.7) (thickness 0.15)))
    )
    (fp_poly (pts (xy -3.175 -0.635) (xy -2.921 -0.889) (xy -2.667 -0.508) (xy -2.921 -0.254)) (layer F.SilkS) (width 0.1))
    (fp_poly (pts (xy -2.794 -0.127) (xy -2.54 -0.381) (xy -2.286 0) (xy -2.54 0.254)) (layer F.SilkS) (width 0.1))
    (fp_poly (pts (xy -2.413 0.381) (xy -2.159 0.127) (xy -1.905 0.508) (xy -2.159 0.762)) (layer F.SilkS) (width 0.1))
    (fp_poly (pts (xy -2.413 -0.508) (xy -2.159 -0.762) (xy -1.905 -0.381) (xy -2.159 -0.127)) (layer F.SilkS) (width 0.1))
    (fp_poly (pts (xy -2.032 0) (xy -1.778 -0.254) (xy -1.524 0.127) (xy -1.778 0.381)) (layer F.SilkS) (width 0.1))
    (fp_poly (pts (xy -1.651 0.508) (xy -1.397 0.254) (xy -1.143 0.635) (xy -1.397 0.889)) (layer F.SilkS) (width 0.1))
    (fp_poly (pts (xy -3.556 -0.254) (xy -3.302 -0.508) (xy -3.048 -0.127) (xy -3.302 0.127)) (layer F.SilkS) (width 0.1))
    (fp_poly (pts (xy -3.937 0.127) (xy -3.683 -0.127) (xy -3.429 0.254) (xy -3.683 0.508)) (layer F.SilkS) (width 0.1))
    (fp_text user DVL6A (at 1.778 0) (layer F.SilkS)
      (effects (font (size 0.7 0.7) (thickness 0.15)))
    )
    (pad 17 thru_hole circle (at 16.51 0 270) (size 1.6 1.6) (drill 1.1) (layers *.Cu *.Mask)
      (net 2 GND))
    (pad 18 thru_hole circle (at 16.51 -2.54 270) (size 1.6 1.6) (drill 1.1) (layers *.Cu *.Mask)
      (net 28 "Net-(U1-Pad18)"))
    (pad 19 thru_hole circle (at 16.51 -5.08 270) (size 1.6 1.6) (drill 1.1) (layers *.Cu *.Mask)
      (net 29 "Net-(U1-Pad19)"))
    (pad 20 thru_hole circle (at 16.51 -7.62 270) (size 1.6 1.6) (drill 1.1) (layers *.Cu *.Mask)
      (net 30 "Net-(U1-Pad20)"))
    (pad 16 thru_hole circle (at 16.51 2.54 270) (size 1.6 1.6) (drill 1.1) (layers *.Cu *.Mask)
      (net 3 +3V3))
    (pad 15 thru_hole circle (at 16.51 5.08 270) (size 1.6 1.6) (drill 1.1) (layers *.Cu *.Mask)
      (net 31 "Net-(U1-Pad15)"))
    (pad 14 thru_hole circle (at 16.51 7.62 270) (size 1.6 1.6) (drill 1.1) (layers *.Cu *.Mask)
      (net 32 "Net-(U1-Pad14)"))
    (pad 21 thru_hole circle (at 13.97 -7.62 270) (size 1.6 1.6) (drill 1.1) (layers *.Cu *.Mask)
      (net 33 "Net-(U1-Pad21)"))
    (pad 22 thru_hole circle (at 11.43 -7.62 270) (size 1.6 1.6) (drill 1.1) (layers *.Cu *.Mask)
      (net 34 "Net-(U1-Pad22)"))
    (pad 23 thru_hole circle (at 8.89 -7.62 270) (size 1.6 1.6) (drill 1.1) (layers *.Cu *.Mask)
      (net 35 "Net-(U1-Pad23)"))
    (pad 24 thru_hole circle (at 6.35 -7.62 270) (size 1.6 1.6) (drill 1.1) (layers *.Cu *.Mask)
      (net 36 "Net-(U1-Pad24)"))
    (pad 25 thru_hole circle (at 3.81 -7.62 270) (size 1.6 1.6) (drill 1.1) (layers *.Cu *.Mask)
      (net 37 /MOTION_SDA))
    (pad 26 thru_hole circle (at 1.27 -7.62 270) (size 1.6 1.6) (drill 1.1) (layers *.Cu *.Mask)
      (net 38 /MOTION_SCL))
    (pad 27 thru_hole circle (at -1.27 -7.62 270) (size 1.6 1.6) (drill 1.1) (layers *.Cu *.Mask)
      (net 39 "Net-(U1-Pad27)"))
    (pad 28 thru_hole circle (at -3.81 -7.62 270) (size 1.6 1.6) (drill 1.1) (layers *.Cu *.Mask)
      (net 40 "Net-(U1-Pad28)"))
    (pad 29 thru_hole circle (at -6.35 -7.62 270) (size 1.6 1.6) (drill 1.1) (layers *.Cu *.Mask)
      (net 14 /THUMBDIAL))
    (pad 30 thru_hole circle (at -8.89 -7.62 270) (size 1.6 1.6) (drill 1.1) (layers *.Cu *.Mask)
      (net 9 /MICROPHONE))
    (pad 31 thru_hole circle (at -11.43 -7.62 270) (size 1.6 1.6) (drill 1.1) (layers *.Cu *.Mask)
      (net 41 "Net-(U1-Pad31)"))
    (pad 32 thru_hole circle (at -13.97 -7.62 270) (size 1.6 1.6) (drill 1.1) (layers *.Cu *.Mask)
      (net 2 GND))
    (pad 33 thru_hole circle (at -16.51 -7.62 270) (size 1.6 1.6) (drill 1.1) (layers *.Cu *.Mask)
      (net 1 VDD))
    (pad 34 thru_hole circle (at -13.97 -5.08 270) (size 1.6 1.6) (drill 1.1) (layers *.Cu *.Mask)
      (net 42 "Net-(U1-Pad34)"))
    (pad 13 thru_hole circle (at 13.97 7.62 270) (size 1.6 1.6) (drill 1.1) (layers *.Cu *.Mask)
      (net 43 "Net-(U1-Pad13)"))
    (pad 12 thru_hole circle (at 11.43 7.62 270) (size 1.6 1.6) (drill 1.1) (layers *.Cu *.Mask)
      (net 44 "Net-(U1-Pad12)"))
    (pad 11 thru_hole circle (at 8.89 7.62 270) (size 1.6 1.6) (drill 1.1) (layers *.Cu *.Mask)
      (net 45 "Net-(U1-Pad11)"))
    (pad 10 thru_hole circle (at 6.35 7.62 270) (size 1.6 1.6) (drill 1.1) (layers *.Cu *.Mask)
      (net 46 "Net-(U1-Pad10)"))
    (pad 9 thru_hole circle (at 3.81 7.62 270) (size 1.6 1.6) (drill 1.1) (layers *.Cu *.Mask)
      (net 47 "Net-(U1-Pad9)"))
    (pad 8 thru_hole circle (at 1.27 7.62 270) (size 1.6 1.6) (drill 1.1) (layers *.Cu *.Mask)
      (net 48 "Net-(U1-Pad8)"))
    (pad 7 thru_hole circle (at -1.27 7.62 270) (size 1.6 1.6) (drill 1.1) (layers *.Cu *.Mask)
      (net 49 "Net-(U1-Pad7)"))
    (pad 6 thru_hole circle (at -3.81 7.62 270) (size 1.6 1.6) (drill 1.1) (layers *.Cu *.Mask)
      (net 50 "Net-(U1-Pad6)"))
    (pad 5 thru_hole circle (at -6.35 7.62 270) (size 1.6 1.6) (drill 1.1) (layers *.Cu *.Mask)
      (net 51 "Net-(U1-Pad5)"))
    (pad 4 thru_hole circle (at -8.89 7.62 270) (size 1.6 1.6) (drill 1.1) (layers *.Cu *.Mask)
      (net 15 /BUTTON))
    (pad 3 thru_hole circle (at -11.43 7.62 270) (size 1.6 1.6) (drill 1.1) (layers *.Cu *.Mask)
      (net 13 /DATA2))
    (pad 2 thru_hole circle (at -13.97 7.62 270) (size 1.6 1.6) (drill 1.1) (layers *.Cu *.Mask)
      (net 12 /DATA1))
    (pad 1 thru_hole circle (at -16.51 7.62 270) (size 1.6 1.6) (drill 1.1) (layers *.Cu *.Mask)
      (net 2 GND))
    (pad 35 thru_hole circle (at 11.43 -5.08 270) (size 1.6 1.6) (drill 1.1) (layers *.Cu *.Mask)
      (net 52 "Net-(U1-Pad35)"))
    (pad 36 thru_hole circle (at 8.89 -5.08 270) (size 1.6 1.6) (drill 1.1) (layers *.Cu *.Mask)
      (net 53 "Net-(U1-Pad36)"))
    (pad 37 thru_hole circle (at 11.43 -2.54 270) (size 1.6 1.6) (drill 1.1) (layers *.Cu *.Mask)
      (net 54 "Net-(U1-Pad37)"))
    (pad 38 thru_hole circle (at 8.89 -2.54 270) (size 1.6 1.6) (drill 1.1) (layers *.Cu *.Mask)
      (net 55 "Net-(U1-Pad38)"))
    (pad 39 thru_hole circle (at 11.43 0 270) (size 1.6 1.6) (drill 1.1) (layers *.Cu *.Mask)
      (net 56 "Net-(U1-Pad39)"))
    (pad 40 thru_hole circle (at 8.89 0 270) (size 1.6 1.6) (drill 1.1) (layers *.Cu *.Mask)
      (net 57 "Net-(U1-Pad40)"))
    (pad 41 thru_hole circle (at 11.43 2.54 270) (size 1.6 1.6) (drill 1.1) (layers *.Cu *.Mask)
      (net 58 "Net-(U1-Pad41)"))
    (pad 42 thru_hole circle (at 8.89 2.54 270) (size 1.6 1.6) (drill 1.1) (layers *.Cu *.Mask)
      (net 59 "Net-(U1-Pad42)"))
    (pad 43 thru_hole circle (at 11.43 5.08 270) (size 1.6 1.6) (drill 1.1) (layers *.Cu *.Mask)
      (net 60 "Net-(U1-Pad43)"))
    (pad 44 thru_hole circle (at 8.89 5.08 270) (size 1.6 1.6) (drill 1.1) (layers *.Cu *.Mask)
      (net 61 "Net-(U1-Pad44)"))
    (model ${KICAD_USER_DIR}/teensy.pretty/Teensy_4.0_Assembly.STEP
      (offset (xyz 33 9.5 -11))
      (scale (xyz 1 1 1))
      (rotate (xyz -90 0 0))
    )
  )

  (module Pad_SMD:Pad_SMD_01x03 (layer F.Cu) (tedit 5E313D20) (tstamp 5E325A01)
    (at 128.905 113.03 180)
    (path /5E319A24)
    (fp_text reference DATA1 (at 0 1.905 270) (layer F.SilkS)
      (effects (font (size 0.75 0.75) (thickness 0.1)) (justify left))
    )
    (fp_text value Conn_01x03 (at 0.0762 2.6162) (layer F.Fab)
      (effects (font (size 1 1) (thickness 0.15)))
    )
    (pad 3 smd oval (at 2.54 0 180) (size 1.524 3) (layers F.Cu F.Paste F.Mask)
      (net 2 GND))
    (pad 2 smd oval (at 0 0 180) (size 1.524 3) (layers F.Cu F.Paste F.Mask)
      (net 10 "Net-(PANEL1-Pad2)"))
    (pad 1 smd oval (at -2.54 0 180) (size 1.524 3) (layers F.Cu F.Paste F.Mask)
      (net 1 VDD))
  )

  (module Pad_SMD:Pad_SMD_01x02 (layer F.Cu) (tedit 5E31F1E4) (tstamp 5E325A0E)
    (at 136.525 113.03)
    (path /5E37B90D)
    (fp_text reference PANEL_PWR1 (at -0.0762 0.127) (layer F.SilkS) hide
      (effects (font (size 1 1) (thickness 0.15)))
    )
    (fp_text value Conn_01x02 (at 0.2032 2.54) (layer F.Fab)
      (effects (font (size 1 1) (thickness 0.15)))
    )
    (pad 1 smd oval (at -1.27 0) (size 1.524 2.999999) (layers F.Cu F.Paste F.Mask)
      (net 2 GND))
    (pad 2 smd oval (at 1.27 0) (size 1.524 2.999999) (layers F.Cu F.Paste F.Mask)
      (net 1 VDD))
  )

  (module Pad_SMD:Pad_SMD_01x02 (layer F.Cu) (tedit 5E31F1E4) (tstamp 5E325A14)
    (at 143.51 113.03)
    (path /5E3831A4)
    (fp_text reference PANEL_PWR2 (at -0.0762 0.127) (layer F.SilkS) hide
      (effects (font (size 1 1) (thickness 0.15)))
    )
    (fp_text value Conn_01x02 (at 0.2032 2.54) (layer F.Fab)
      (effects (font (size 1 1) (thickness 0.15)))
    )
    (pad 1 smd oval (at -1.27 0) (size 1.524 2.999999) (layers F.Cu F.Paste F.Mask)
      (net 2 GND))
    (pad 2 smd oval (at 1.27 0) (size 1.524 2.999999) (layers F.Cu F.Paste F.Mask)
      (net 1 VDD))
  )

  (module Pad_SMD:Pad_SMD_01x03 (layer F.Cu) (tedit 5E313D20) (tstamp 5E3271C3)
    (at 151.13 113.03 180)
    (path /5E3355AD)
    (fp_text reference DATA2 (at 0 1.905 270) (layer F.SilkS)
      (effects (font (size 0.75 0.75) (thickness 0.1)) (justify left))
    )
    (fp_text value Conn_01x03 (at 0.0762 2.6162) (layer F.Fab)
      (effects (font (size 1 1) (thickness 0.15)))
    )
    (pad 3 smd oval (at 2.54 0 180) (size 1.524 3) (layers F.Cu F.Paste F.Mask)
      (net 2 GND))
    (pad 2 smd oval (at 0 0 180) (size 1.524 3) (layers F.Cu F.Paste F.Mask)
      (net 11 "Net-(PANEL2-Pad2)"))
    (pad 1 smd oval (at -2.54 0 180) (size 1.524 3) (layers F.Cu F.Paste F.Mask)
      (net 1 VDD))
  )

  (module 3352T-1-103LF:TRIM_3352T-1-103LF (layer F.Cu) (tedit 5E30FDCD) (tstamp 5E326DAA)
    (at 174.625 97.62744 270)
    (path /5E3B3B17)
    (fp_text reference R5 (at -0.625 -5.435 90) (layer F.SilkS)
      (effects (font (size 1 1) (thickness 0.015)))
    )
    (fp_text value 3352T-1-103LF (at 7.63 6.065 90) (layer F.Fab)
      (effects (font (size 1 1) (thickness 0.015)))
    )
    (fp_circle (center 0 0) (end 4.445 0) (layer F.Fab) (width 0.127))
    (fp_line (start -4.445 0) (end -4.445 5.08) (layer F.Fab) (width 0.127))
    (fp_line (start -4.445 5.08) (end 4.445 5.08) (layer F.Fab) (width 0.127))
    (fp_line (start 4.445 5.08) (end 4.445 0) (layer F.Fab) (width 0.127))
    (fp_line (start -4.445 0) (end -4.445 5.08) (layer F.SilkS) (width 0.127))
    (fp_line (start -4.445 5.08) (end 4.445 5.08) (layer F.SilkS) (width 0.127))
    (fp_line (start 4.445 0) (end 4.445 5.08) (layer F.SilkS) (width 0.127))
    (fp_arc (start 0 0) (end 4.445 0) (angle -180) (layer F.SilkS) (width 0.127))
    (fp_line (start -4.695 0) (end -4.695 5.33) (layer F.CrtYd) (width 0.05))
    (fp_line (start -4.695 5.33) (end 4.695 5.33) (layer F.CrtYd) (width 0.05))
    (fp_line (start 4.695 5.33) (end 4.695 0) (layer F.CrtYd) (width 0.05))
    (fp_arc (start 0 0) (end 4.695 0) (angle -180) (layer F.CrtYd) (width 0.05))
    (fp_circle (center -5 2.8) (end -4.9 2.8) (layer F.SilkS) (width 0.2))
    (fp_circle (center -5 2.8) (end -4.9 2.8) (layer F.Fab) (width 0.2))
    (pad 1 thru_hole rect (at -2.54 2.87 270) (size 1.16 1.16) (drill 0.76) (layers *.Cu *.Mask)
      (net 3 +3V3))
    (pad 2 thru_hole circle (at 0 2.87 270) (size 1.16 1.16) (drill 0.76) (layers *.Cu *.Mask)
      (net 14 /THUMBDIAL))
    (pad 3 thru_hole circle (at 2.54 2.87 270) (size 1.16 1.16) (drill 0.76) (layers *.Cu *.Mask)
      (net 2 GND))
  )

  (module BreakoutBoards:Adafruit_BNO055 (layer F.Cu) (tedit 5E3147DB) (tstamp 5E3258F2)
    (at 149.16912 82.69224 90)
    (path /5E3B751D)
    (fp_text reference U2 (at -2.54 -10.16 90) (layer F.SilkS)
      (effects (font (size 1 1) (thickness 0.15)))
    )
    (fp_text value Adafruit_BNO055 (at -2.54 -12.7 90) (layer F.Fab)
      (effects (font (size 1 1) (thickness 0.15)))
    )
    (fp_circle (center -14.478 -19.05) (end -13.208 -19.05) (layer F.SilkS) (width 0.12))
    (fp_circle (center -14.478 -3.81) (end -13.208 -3.81) (layer F.SilkS) (width 0.12))
    (fp_circle (center 7.112 -19.05) (end 8.382 -19.05) (layer F.SilkS) (width 0.12))
    (fp_circle (center 7.112 -3.81) (end 8.382 -3.81) (layer F.SilkS) (width 0.12))
    (fp_line (start -17.018 -21.59) (end 9.652 -21.59) (layer F.SilkS) (width 0.12))
    (fp_line (start 9.652 -1.27) (end 9.652 -21.59) (layer F.SilkS) (width 0.12))
    (fp_line (start -17.018 -1.27) (end -17.018 -21.59) (layer F.SilkS) (width 0.12))
    (fp_line (start -17.018 -1.27) (end 9.652 -1.27) (layer F.SilkS) (width 0.12))
    (pad 10 thru_hole circle (at 0.127 -20.32 90) (size 1.524 1.524) (drill 0.762) (layers *.Cu *.Mask)
      (net 62 "Net-(U2-Pad10)"))
    (pad 9 thru_hole circle (at -2.413 -20.32 90) (size 1.524 1.524) (drill 0.762) (layers *.Cu *.Mask)
      (net 63 "Net-(U2-Pad9)"))
    (pad 8 thru_hole circle (at -4.953 -20.32 90) (size 1.524 1.524) (drill 0.762) (layers *.Cu *.Mask)
      (net 64 "Net-(U2-Pad8)"))
    (pad 7 thru_hole circle (at -7.493 -20.32 90) (size 1.524 1.524) (drill 0.762) (layers *.Cu *.Mask)
      (net 65 "Net-(U2-Pad7)"))
    (pad 6 thru_hole circle (at 2.667 -2.54 90) (size 1.524 1.524) (drill 0.762) (layers *.Cu *.Mask)
      (net 66 "Net-(U2-Pad6)"))
    (pad 5 thru_hole circle (at 0.127 -2.54 90) (size 1.524 1.524) (drill 0.762) (layers *.Cu *.Mask)
      (net 38 /MOTION_SCL))
    (pad 4 thru_hole circle (at -2.413 -2.54 90) (size 1.524 1.524) (drill 0.762) (layers *.Cu *.Mask)
      (net 37 /MOTION_SDA))
    (pad 3 thru_hole circle (at -4.953 -2.54 90) (size 1.524 1.524) (drill 0.762) (layers *.Cu *.Mask)
      (net 2 GND))
    (pad 2 thru_hole circle (at -7.493 -2.54 90) (size 1.524 1.524) (drill 0.762) (layers *.Cu *.Mask)
      (net 67 "Net-(U2-Pad2)"))
    (pad 1 thru_hole circle (at -10.033 -2.54 90) (size 1.524 1.524) (drill 0.762) (layers *.Cu *.Mask)
      (net 1 VDD))
  )

  (module Capacitor_SMD:C_0805_2012Metric (layer F.Cu) (tedit 5B36C52B) (tstamp 5E327080)
    (at 172.56252 107.73664 180)
    (descr "Capacitor SMD 0805 (2012 Metric), square (rectangular) end terminal, IPC_7351 nominal, (Body size source: https://docs.google.com/spreadsheets/d/1BsfQQcO9C6DZCsRaXUlFlo91Tg2WpOkGARC1WS5S8t0/edit?usp=sharing), generated with kicad-footprint-generator")
    (tags capacitor)
    (path /5E350F9F)
    (attr smd)
    (fp_text reference C1 (at 0 -1.65) (layer F.SilkS)
      (effects (font (size 1 1) (thickness 0.15)))
    )
    (fp_text value 0.1µF (at 0 1.65) (layer F.Fab)
      (effects (font (size 1 1) (thickness 0.15)))
    )
    (fp_line (start -1 0.6) (end -1 -0.6) (layer F.Fab) (width 0.1))
    (fp_line (start -1 -0.6) (end 1 -0.6) (layer F.Fab) (width 0.1))
    (fp_line (start 1 -0.6) (end 1 0.6) (layer F.Fab) (width 0.1))
    (fp_line (start 1 0.6) (end -1 0.6) (layer F.Fab) (width 0.1))
    (fp_line (start -0.258578 -0.71) (end 0.258578 -0.71) (layer F.SilkS) (width 0.12))
    (fp_line (start -0.258578 0.71) (end 0.258578 0.71) (layer F.SilkS) (width 0.12))
    (fp_line (start -1.68 0.95) (end -1.68 -0.95) (layer F.CrtYd) (width 0.05))
    (fp_line (start -1.68 -0.95) (end 1.68 -0.95) (layer F.CrtYd) (width 0.05))
    (fp_line (start 1.68 -0.95) (end 1.68 0.95) (layer F.CrtYd) (width 0.05))
    (fp_line (start 1.68 0.95) (end -1.68 0.95) (layer F.CrtYd) (width 0.05))
    (fp_text user %R (at 0 0) (layer F.Fab)
      (effects (font (size 0.5 0.5) (thickness 0.08)))
    )
    (pad 1 smd roundrect (at -0.9375 0 180) (size 0.975 1.4) (layers F.Cu F.Paste F.Mask) (roundrect_rratio 0.25)
      (net 3 +3V3))
    (pad 2 smd roundrect (at 0.9375 0 180) (size 0.975 1.4) (layers F.Cu F.Paste F.Mask) (roundrect_rratio 0.25)
      (net 2 GND))
    (model ${KISYS3DMOD}/Capacitor_SMD.3dshapes/C_0805_2012Metric.wrl
      (at (xyz 0 0 0))
      (scale (xyz 1 1 1))
      (rotate (xyz 0 0 0))
    )
  )

  (module Connector_USB:USB_Micro-B_Molex-105017-0001 (layer F.Cu) (tedit 5A1DC0BE) (tstamp 5E32596B)
    (at 122.428 77.78496 270)
    (descr http://www.molex.com/pdm_docs/sd/1050170001_sd.pdf)
    (tags "Micro-USB SMD Typ-B")
    (path /5E224B3A)
    (attr smd)
    (fp_text reference J1 (at 0 -3.1125 90) (layer F.SilkS)
      (effects (font (size 1 1) (thickness 0.15)))
    )
    (fp_text value USB_B_Micro (at 0.3 4.3375 90) (layer F.Fab)
      (effects (font (size 1 1) (thickness 0.15)))
    )
    (fp_line (start -1.1 -2.1225) (end -1.1 -1.9125) (layer F.Fab) (width 0.1))
    (fp_line (start -1.5 -2.1225) (end -1.5 -1.9125) (layer F.Fab) (width 0.1))
    (fp_line (start -1.5 -2.1225) (end -1.1 -2.1225) (layer F.Fab) (width 0.1))
    (fp_line (start -1.1 -1.9125) (end -1.3 -1.7125) (layer F.Fab) (width 0.1))
    (fp_line (start -1.3 -1.7125) (end -1.5 -1.9125) (layer F.Fab) (width 0.1))
    (fp_line (start -1.7 -2.3125) (end -1.7 -1.8625) (layer F.SilkS) (width 0.12))
    (fp_line (start -1.7 -2.3125) (end -1.25 -2.3125) (layer F.SilkS) (width 0.12))
    (fp_line (start 3.9 -1.7625) (end 3.45 -1.7625) (layer F.SilkS) (width 0.12))
    (fp_line (start 3.9 0.0875) (end 3.9 -1.7625) (layer F.SilkS) (width 0.12))
    (fp_line (start -3.9 2.6375) (end -3.9 2.3875) (layer F.SilkS) (width 0.12))
    (fp_line (start -3.75 3.3875) (end -3.75 -1.6125) (layer F.Fab) (width 0.1))
    (fp_line (start -3.75 -1.6125) (end 3.75 -1.6125) (layer F.Fab) (width 0.1))
    (fp_line (start -3.75 3.389204) (end 3.75 3.389204) (layer F.Fab) (width 0.1))
    (fp_line (start -3 2.689204) (end 3 2.689204) (layer F.Fab) (width 0.1))
    (fp_line (start 3.75 3.3875) (end 3.75 -1.6125) (layer F.Fab) (width 0.1))
    (fp_line (start 3.9 2.6375) (end 3.9 2.3875) (layer F.SilkS) (width 0.12))
    (fp_line (start -3.9 0.0875) (end -3.9 -1.7625) (layer F.SilkS) (width 0.12))
    (fp_line (start -3.9 -1.7625) (end -3.45 -1.7625) (layer F.SilkS) (width 0.12))
    (fp_line (start -4.4 3.64) (end -4.4 -2.46) (layer F.CrtYd) (width 0.05))
    (fp_line (start -4.4 -2.46) (end 4.4 -2.46) (layer F.CrtYd) (width 0.05))
    (fp_line (start 4.4 -2.46) (end 4.4 3.64) (layer F.CrtYd) (width 0.05))
    (fp_line (start -4.4 3.64) (end 4.4 3.64) (layer F.CrtYd) (width 0.05))
    (fp_text user %R (at 0 0.8875 90) (layer F.Fab)
      (effects (font (size 1 1) (thickness 0.15)))
    )
    (fp_text user "PCB Edge" (at 0 2.6875 90) (layer Dwgs.User)
      (effects (font (size 0.5 0.5) (thickness 0.08)))
    )
    (pad 6 smd rect (at -2.9 1.2375 270) (size 1.2 1.9) (layers F.Cu F.Mask)
      (net 4 "Net-(J1-Pad6)"))
    (pad 6 smd rect (at 2.9 1.2375 270) (size 1.2 1.9) (layers F.Cu F.Mask)
      (net 4 "Net-(J1-Pad6)"))
    (pad 6 thru_hole oval (at 3.5 1.2375 270) (size 1.2 1.9) (drill oval 0.6 1.3) (layers *.Cu *.Mask)
      (net 4 "Net-(J1-Pad6)"))
    (pad 6 thru_hole oval (at -3.5 1.2375 90) (size 1.2 1.9) (drill oval 0.6 1.3) (layers *.Cu *.Mask)
      (net 4 "Net-(J1-Pad6)"))
    (pad 6 smd rect (at -1 1.2375 270) (size 1.5 1.9) (layers F.Cu F.Paste F.Mask)
      (net 4 "Net-(J1-Pad6)"))
    (pad 6 thru_hole circle (at 2.5 -1.4625 270) (size 1.45 1.45) (drill 0.85) (layers *.Cu *.Mask)
      (net 4 "Net-(J1-Pad6)"))
    (pad 3 smd rect (at 0 -1.4625 270) (size 0.4 1.35) (layers F.Cu F.Paste F.Mask)
      (net 16 "Net-(J1-Pad3)"))
    (pad 4 smd rect (at 0.65 -1.4625 270) (size 0.4 1.35) (layers F.Cu F.Paste F.Mask)
      (net 17 "Net-(J1-Pad4)"))
    (pad 5 smd rect (at 1.3 -1.4625 270) (size 0.4 1.35) (layers F.Cu F.Paste F.Mask)
      (net 2 GND))
    (pad 1 smd rect (at -1.3 -1.4625 270) (size 0.4 1.35) (layers F.Cu F.Paste F.Mask)
      (net 5 VBUS))
    (pad 2 smd rect (at -0.65 -1.4625 270) (size 0.4 1.35) (layers F.Cu F.Paste F.Mask)
      (net 18 "Net-(J1-Pad2)"))
    (pad 6 thru_hole circle (at -2.5 -1.4625 270) (size 1.45 1.45) (drill 0.85) (layers *.Cu *.Mask)
      (net 4 "Net-(J1-Pad6)"))
    (pad 6 smd rect (at 1 1.2375 270) (size 1.5 1.9) (layers F.Cu F.Paste F.Mask)
      (net 4 "Net-(J1-Pad6)"))
    (model ${KISYS3DMOD}/Connector_USB.3dshapes/USB_Micro-B_Molex-105017-0001.wrl
      (at (xyz 0 0 0))
      (scale (xyz 1 1 1))
      (rotate (xyz 0 0 0))
    )
  )

  (module Connector_USB:USB_Micro-B_Molex-105017-0001 (layer F.Cu) (tedit 5A1DC0BE) (tstamp 5E3264C6)
    (at 122.428 87.81288 270)
    (descr http://www.molex.com/pdm_docs/sd/1050170001_sd.pdf)
    (tags "Micro-USB SMD Typ-B")
    (path /5E2137E5)
    (attr smd)
    (fp_text reference J2 (at 0 -3.1125 90) (layer F.SilkS)
      (effects (font (size 1 1) (thickness 0.15)))
    )
    (fp_text value USB_B_Micro (at 0.3 4.3375 90) (layer F.Fab)
      (effects (font (size 1 1) (thickness 0.15)))
    )
    (fp_text user "PCB Edge" (at 0 2.6875 90) (layer Dwgs.User)
      (effects (font (size 0.5 0.5) (thickness 0.08)))
    )
    (fp_text user %R (at 0 0.8875 90) (layer F.Fab)
      (effects (font (size 1 1) (thickness 0.15)))
    )
    (fp_line (start -4.4 3.64) (end 4.4 3.64) (layer F.CrtYd) (width 0.05))
    (fp_line (start 4.4 -2.46) (end 4.4 3.64) (layer F.CrtYd) (width 0.05))
    (fp_line (start -4.4 -2.46) (end 4.4 -2.46) (layer F.CrtYd) (width 0.05))
    (fp_line (start -4.4 3.64) (end -4.4 -2.46) (layer F.CrtYd) (width 0.05))
    (fp_line (start -3.9 -1.7625) (end -3.45 -1.7625) (layer F.SilkS) (width 0.12))
    (fp_line (start -3.9 0.0875) (end -3.9 -1.7625) (layer F.SilkS) (width 0.12))
    (fp_line (start 3.9 2.6375) (end 3.9 2.3875) (layer F.SilkS) (width 0.12))
    (fp_line (start 3.75 3.3875) (end 3.75 -1.6125) (layer F.Fab) (width 0.1))
    (fp_line (start -3 2.689204) (end 3 2.689204) (layer F.Fab) (width 0.1))
    (fp_line (start -3.75 3.389204) (end 3.75 3.389204) (layer F.Fab) (width 0.1))
    (fp_line (start -3.75 -1.6125) (end 3.75 -1.6125) (layer F.Fab) (width 0.1))
    (fp_line (start -3.75 3.3875) (end -3.75 -1.6125) (layer F.Fab) (width 0.1))
    (fp_line (start -3.9 2.6375) (end -3.9 2.3875) (layer F.SilkS) (width 0.12))
    (fp_line (start 3.9 0.0875) (end 3.9 -1.7625) (layer F.SilkS) (width 0.12))
    (fp_line (start 3.9 -1.7625) (end 3.45 -1.7625) (layer F.SilkS) (width 0.12))
    (fp_line (start -1.7 -2.3125) (end -1.25 -2.3125) (layer F.SilkS) (width 0.12))
    (fp_line (start -1.7 -2.3125) (end -1.7 -1.8625) (layer F.SilkS) (width 0.12))
    (fp_line (start -1.3 -1.7125) (end -1.5 -1.9125) (layer F.Fab) (width 0.1))
    (fp_line (start -1.1 -1.9125) (end -1.3 -1.7125) (layer F.Fab) (width 0.1))
    (fp_line (start -1.5 -2.1225) (end -1.1 -2.1225) (layer F.Fab) (width 0.1))
    (fp_line (start -1.5 -2.1225) (end -1.5 -1.9125) (layer F.Fab) (width 0.1))
    (fp_line (start -1.1 -2.1225) (end -1.1 -1.9125) (layer F.Fab) (width 0.1))
    (pad 6 smd rect (at 1 1.2375 270) (size 1.5 1.9) (layers F.Cu F.Paste F.Mask)
      (net 6 "Net-(J2-Pad6)"))
    (pad 6 thru_hole circle (at -2.5 -1.4625 270) (size 1.45 1.45) (drill 0.85) (layers *.Cu *.Mask)
      (net 6 "Net-(J2-Pad6)"))
    (pad 2 smd rect (at -0.65 -1.4625 270) (size 0.4 1.35) (layers F.Cu F.Paste F.Mask)
      (net 19 "Net-(J2-Pad2)"))
    (pad 1 smd rect (at -1.3 -1.4625 270) (size 0.4 1.35) (layers F.Cu F.Paste F.Mask)
      (net 5 VBUS))
    (pad 5 smd rect (at 1.3 -1.4625 270) (size 0.4 1.35) (layers F.Cu F.Paste F.Mask)
      (net 2 GND))
    (pad 4 smd rect (at 0.65 -1.4625 270) (size 0.4 1.35) (layers F.Cu F.Paste F.Mask)
      (net 20 "Net-(J2-Pad4)"))
    (pad 3 smd rect (at 0 -1.4625 270) (size 0.4 1.35) (layers F.Cu F.Paste F.Mask)
      (net 21 "Net-(J2-Pad3)"))
    (pad 6 thru_hole circle (at 2.5 -1.4625 270) (size 1.45 1.45) (drill 0.85) (layers *.Cu *.Mask)
      (net 6 "Net-(J2-Pad6)"))
    (pad 6 smd rect (at -1 1.2375 270) (size 1.5 1.9) (layers F.Cu F.Paste F.Mask)
      (net 6 "Net-(J2-Pad6)"))
    (pad 6 thru_hole oval (at -3.5 1.2375 90) (size 1.2 1.9) (drill oval 0.6 1.3) (layers *.Cu *.Mask)
      (net 6 "Net-(J2-Pad6)"))
    (pad 6 thru_hole oval (at 3.5 1.2375 270) (size 1.2 1.9) (drill oval 0.6 1.3) (layers *.Cu *.Mask)
      (net 6 "Net-(J2-Pad6)"))
    (pad 6 smd rect (at 2.9 1.2375 270) (size 1.2 1.9) (layers F.Cu F.Mask)
      (net 6 "Net-(J2-Pad6)"))
    (pad 6 smd rect (at -2.9 1.2375 270) (size 1.2 1.9) (layers F.Cu F.Mask)
      (net 6 "Net-(J2-Pad6)"))
    (model ${KISYS3DMOD}/Connector_USB.3dshapes/USB_Micro-B_Molex-105017-0001.wrl
      (at (xyz 0 0 0))
      (scale (xyz 1 1 1))
      (rotate (xyz 0 0 0))
    )
  )

  (module Connector_USB:USB_Micro-B_Molex-105017-0001 (layer F.Cu) (tedit 5A1DC0BE) (tstamp 5E3259BD)
    (at 122.428 97.76968 270)
    (descr http://www.molex.com/pdm_docs/sd/1050170001_sd.pdf)
    (tags "Micro-USB SMD Typ-B")
    (path /5E213AB5)
    (attr smd)
    (fp_text reference J3 (at 0 -3.1125 90) (layer F.SilkS)
      (effects (font (size 1 1) (thickness 0.15)))
    )
    (fp_text value USB_B_Micro (at 0.3 4.3375 90) (layer F.Fab)
      (effects (font (size 1 1) (thickness 0.15)))
    )
    (fp_text user "PCB Edge" (at 0 2.6875 90) (layer Dwgs.User)
      (effects (font (size 0.5 0.5) (thickness 0.08)))
    )
    (fp_text user %R (at 0 0.8875 90) (layer F.Fab)
      (effects (font (size 1 1) (thickness 0.15)))
    )
    (fp_line (start -4.4 3.64) (end 4.4 3.64) (layer F.CrtYd) (width 0.05))
    (fp_line (start 4.4 -2.46) (end 4.4 3.64) (layer F.CrtYd) (width 0.05))
    (fp_line (start -4.4 -2.46) (end 4.4 -2.46) (layer F.CrtYd) (width 0.05))
    (fp_line (start -4.4 3.64) (end -4.4 -2.46) (layer F.CrtYd) (width 0.05))
    (fp_line (start -3.9 -1.7625) (end -3.45 -1.7625) (layer F.SilkS) (width 0.12))
    (fp_line (start -3.9 0.0875) (end -3.9 -1.7625) (layer F.SilkS) (width 0.12))
    (fp_line (start 3.9 2.6375) (end 3.9 2.3875) (layer F.SilkS) (width 0.12))
    (fp_line (start 3.75 3.3875) (end 3.75 -1.6125) (layer F.Fab) (width 0.1))
    (fp_line (start -3 2.689204) (end 3 2.689204) (layer F.Fab) (width 0.1))
    (fp_line (start -3.75 3.389204) (end 3.75 3.389204) (layer F.Fab) (width 0.1))
    (fp_line (start -3.75 -1.6125) (end 3.75 -1.6125) (layer F.Fab) (width 0.1))
    (fp_line (start -3.75 3.3875) (end -3.75 -1.6125) (layer F.Fab) (width 0.1))
    (fp_line (start -3.9 2.6375) (end -3.9 2.3875) (layer F.SilkS) (width 0.12))
    (fp_line (start 3.9 0.0875) (end 3.9 -1.7625) (layer F.SilkS) (width 0.12))
    (fp_line (start 3.9 -1.7625) (end 3.45 -1.7625) (layer F.SilkS) (width 0.12))
    (fp_line (start -1.7 -2.3125) (end -1.25 -2.3125) (layer F.SilkS) (width 0.12))
    (fp_line (start -1.7 -2.3125) (end -1.7 -1.8625) (layer F.SilkS) (width 0.12))
    (fp_line (start -1.3 -1.7125) (end -1.5 -1.9125) (layer F.Fab) (width 0.1))
    (fp_line (start -1.1 -1.9125) (end -1.3 -1.7125) (layer F.Fab) (width 0.1))
    (fp_line (start -1.5 -2.1225) (end -1.1 -2.1225) (layer F.Fab) (width 0.1))
    (fp_line (start -1.5 -2.1225) (end -1.5 -1.9125) (layer F.Fab) (width 0.1))
    (fp_line (start -1.1 -2.1225) (end -1.1 -1.9125) (layer F.Fab) (width 0.1))
    (pad 6 smd rect (at 1 1.2375 270) (size 1.5 1.9) (layers F.Cu F.Paste F.Mask)
      (net 7 "Net-(J3-Pad6)"))
    (pad 6 thru_hole circle (at -2.5 -1.4625 270) (size 1.45 1.45) (drill 0.85) (layers *.Cu *.Mask)
      (net 7 "Net-(J3-Pad6)"))
    (pad 2 smd rect (at -0.65 -1.4625 270) (size 0.4 1.35) (layers F.Cu F.Paste F.Mask)
      (net 22 "Net-(J3-Pad2)"))
    (pad 1 smd rect (at -1.3 -1.4625 270) (size 0.4 1.35) (layers F.Cu F.Paste F.Mask)
      (net 5 VBUS))
    (pad 5 smd rect (at 1.3 -1.4625 270) (size 0.4 1.35) (layers F.Cu F.Paste F.Mask)
      (net 2 GND))
    (pad 4 smd rect (at 0.65 -1.4625 270) (size 0.4 1.35) (layers F.Cu F.Paste F.Mask)
      (net 23 "Net-(J3-Pad4)"))
    (pad 3 smd rect (at 0 -1.4625 270) (size 0.4 1.35) (layers F.Cu F.Paste F.Mask)
      (net 24 "Net-(J3-Pad3)"))
    (pad 6 thru_hole circle (at 2.5 -1.4625 270) (size 1.45 1.45) (drill 0.85) (layers *.Cu *.Mask)
      (net 7 "Net-(J3-Pad6)"))
    (pad 6 smd rect (at -1 1.2375 270) (size 1.5 1.9) (layers F.Cu F.Paste F.Mask)
      (net 7 "Net-(J3-Pad6)"))
    (pad 6 thru_hole oval (at -3.5 1.2375 90) (size 1.2 1.9) (drill oval 0.6 1.3) (layers *.Cu *.Mask)
      (net 7 "Net-(J3-Pad6)"))
    (pad 6 thru_hole oval (at 3.5 1.2375 270) (size 1.2 1.9) (drill oval 0.6 1.3) (layers *.Cu *.Mask)
      (net 7 "Net-(J3-Pad6)"))
    (pad 6 smd rect (at 2.9 1.2375 270) (size 1.2 1.9) (layers F.Cu F.Mask)
      (net 7 "Net-(J3-Pad6)"))
    (pad 6 smd rect (at -2.9 1.2375 270) (size 1.2 1.9) (layers F.Cu F.Mask)
      (net 7 "Net-(J3-Pad6)"))
    (model ${KISYS3DMOD}/Connector_USB.3dshapes/USB_Micro-B_Molex-105017-0001.wrl
      (at (xyz 0 0 0))
      (scale (xyz 1 1 1))
      (rotate (xyz 0 0 0))
    )
  )

  (module Connector_USB:USB_Micro-B_Molex-105017-0001 (layer F.Cu) (tedit 5A1DC0BE) (tstamp 5E326700)
    (at 122.428 108.30536 270)
    (descr http://www.molex.com/pdm_docs/sd/1050170001_sd.pdf)
    (tags "Micro-USB SMD Typ-B")
    (path /5E214297)
    (attr smd)
    (fp_text reference J4 (at 0 -3.1125 90) (layer F.SilkS)
      (effects (font (size 1 1) (thickness 0.15)))
    )
    (fp_text value USB_B_Micro (at 0.3 4.3375 90) (layer F.Fab)
      (effects (font (size 1 1) (thickness 0.15)))
    )
    (fp_line (start -1.1 -2.1225) (end -1.1 -1.9125) (layer F.Fab) (width 0.1))
    (fp_line (start -1.5 -2.1225) (end -1.5 -1.9125) (layer F.Fab) (width 0.1))
    (fp_line (start -1.5 -2.1225) (end -1.1 -2.1225) (layer F.Fab) (width 0.1))
    (fp_line (start -1.1 -1.9125) (end -1.3 -1.7125) (layer F.Fab) (width 0.1))
    (fp_line (start -1.3 -1.7125) (end -1.5 -1.9125) (layer F.Fab) (width 0.1))
    (fp_line (start -1.7 -2.3125) (end -1.7 -1.8625) (layer F.SilkS) (width 0.12))
    (fp_line (start -1.7 -2.3125) (end -1.25 -2.3125) (layer F.SilkS) (width 0.12))
    (fp_line (start 3.9 -1.7625) (end 3.45 -1.7625) (layer F.SilkS) (width 0.12))
    (fp_line (start 3.9 0.0875) (end 3.9 -1.7625) (layer F.SilkS) (width 0.12))
    (fp_line (start -3.9 2.6375) (end -3.9 2.3875) (layer F.SilkS) (width 0.12))
    (fp_line (start -3.75 3.3875) (end -3.75 -1.6125) (layer F.Fab) (width 0.1))
    (fp_line (start -3.75 -1.6125) (end 3.75 -1.6125) (layer F.Fab) (width 0.1))
    (fp_line (start -3.75 3.389204) (end 3.75 3.389204) (layer F.Fab) (width 0.1))
